      0.000000001001001001001001, 0                               
      0.000000002002002002002002, 0                               
      0.000000003003003003003003, 0                               
      0.000000004004004004004004, 0                               
      0.000000005005005005005004, 0                               
      0.000000006006006006006005, 0                               
      0.000000007007007007007006, 0                               
      0.000000008008008008008007, 0                               
      0.000000009009009009009009, 0                               
       0.00000001001001001001001, 0                               
      0.000000011011011011011012, 0                               
      0.000000012012012012012013, 0                               
      0.000000013013013013013015, 0                               
      0.000000014014014014014016, 0                               
      0.000000015015015015015016, 0                               
      0.000000016016016016016018, 0                               
       0.00000001701701701701702, 0                               
       0.00000001801801801801802, 0                               
      0.000000019019019019019022, 0                               
      0.000000020020020020020024, 0                               
      0.000000021021021021021025, 0                               
      0.000000022022022022022027, 0                               
      0.000000023023023023023028, 0                               
       0.00000002402402402402403, 0                               
       0.00000002502502502502503, 0                               
      0.000000026026026026026033, 0                               
      0.000000027027027027027034, 0                               
      0.000000028028028028028036, 0                               
      0.000000029029029029029037, 0                               
       0.00000003003003003003004, 0                               
       0.00000003103103103103104, 0                               
       0.00000003203203203203204, 0                               
      0.000000033033033033033044, 0                               
      0.000000034034034034034045, 0                               
      0.000000035035035035035047, 0                               
       0.00000003603603603603605, 0                               
       0.00000003703703703703705, 0                               
       0.00000003803803803803805, 0                               
       0.00000003903903903903905, 0                               
      0.000000040040040040040054, 0                               
      0.000000041041041041041056, 0                               
       0.00000004204204204204206, 0                               
       0.00000004304304304304306, 0                               
       0.00000004404404404404406, 0                               
       0.00000004504504504504506, 0                               
       0.00000004604604604604606, 0                               
      0.000000047047047047047065, 0                               
      0.000000048048048048048066, 0                               
       0.00000004904904904904907, 0                               
       0.00000005005005005005007, 0                               
       0.00000005105105105105107, 0                               
       0.00000005205205205205207, 0                               
      0.000000053053053053053074, 0                               
      0.000000054054054054054075, 0                               
       0.00000005505505505505508, 0                               
       0.00000005605605605605608, 0                               
       0.00000005705705705705708, 0                               
       0.00000005805805805805808, 0                               
       0.00000005905905905905908, 0                               
       0.00000006006006006006008, 0                               
       0.00000006106106106106107, 0                               
       0.00000006206206206206207, 0                               
       0.00000006306306306306306, 0                               
       0.00000006406406406406406, 0                               
       0.00000006506506506506505, 0                               
       0.00000006606606606606605, 0                               
       0.00000006706706706706704, 0                               
       0.00000006806806806806804, 0                               
       0.00000006906906906906903, 0                               
       0.00000007007007007007003, 0                               
       0.00000007107107107107102, 0                               
       0.00000007207207207207202, 0                               
       0.00000007307307307307301, 0                               
         0.000000074074074074074, 0                               
         0.000000075075075075075, 0                               
         0.000000076076076076076, 0                               
       0.00000007707707707707699, 0                               
       0.00000007807807807807799, 0                               
       0.00000007907907907907898, 0                               
       0.00000008008008008007998, 0                               
       0.00000008108108108108097, 0                               
       0.00000008208208208208197, 0                               
       0.00000008308308308308296, 0                               
       0.00000008408408408408396, 0                               
       0.00000008508508508508495, 0                               
       0.00000008608608608608595, 0                               
       0.00000008708708708708694, 0                               
       0.00000008808808808808794, 0                               
       0.00000008908908908908893, 0                               
       0.00000009009009009008992, 0                               
       0.00000009109109109109092, 0                               
       0.00000009209209209209191, 0                               
       0.00000009309309309309291, 0                               
        0.0000000940940940940939, 0                               
        0.0000000950950950950949, 0                               
        0.0000000960960960960959, 0                               
       0.00000009709709709709689, 0                               
       0.00000009809809809809788, 0                               
       0.00000009909909909909888, 0                               
       0.00000010010010010009987, 0                               
       0.00000010110110110110087, 0                               
       0.00000010210210210210186, 0                               
       0.00000010310310310310286, 0                               
       0.00000010410410410410385, 0                               
       0.00000010510510510510485, 0                               
       0.00000010610610610610584, 0                               
       0.00000010710710710710684, 0                               
       0.00000010810810810810783, 0                               
       0.00000010910910910910883, 0                               
       0.00000011011011011010982, 0                               
       0.00000011111111111111082, 0                               
       0.00000011211211211211181, 0                               
       0.00000011311311311311281, 0                               
        0.0000001141141141141138, 0                               
        0.0000001151151151151148, 0                               
       0.00000011611611611611579, 0                               
       0.00000011711711711711679, 0                               
       0.00000011811811811811778, 0                               
       0.00000011911911911911878, 0                               
       0.00000012012012012011979, 0                               
        0.0000001211211211211208, 0                               
        0.0000001221221221221218, 0                               
        0.0000001231231231231228, 0                               
       0.00000012412412412412382, 0                               
       0.00000012512512512512483, 0                               
       0.00000012612612612612583, 0                               
       0.00000012712712712712684, 0                               
       0.00000012812812812812785, 0                               
       0.00000012912912912912886, 0                               
       0.00000013013013013012987, 0                               
       0.00000013113113113113087, 0                               
       0.00000013213213213213188, 0                               
        0.0000001331331331331329, 0                               
        0.0000001341341341341339, 0                               
        0.0000001351351351351349, 0                               
       0.00000013613613613613592, 0                               
       0.00000013713713713713692, 0                               
       0.00000013813813813813793, 0                               
       0.00000013913913913913894, 0                               
       0.00000014014014014013995, 0                               
       0.00000014114114114114096, 0                               
       0.00000014214214214214196, 0                               
       0.00000014314314314314297, 0                               
       0.00000014414414414414398, 0                               
         0.000000145145145145145, 0                               
         0.000000146146146146146, 0                               
         0.000000147147147147147, 0                               
         0.000000148148148148148, 0                               
       0.00000014914914914914902, 0                               
       0.00000015015015015015003, 0                               
       0.00000015115115115115104, 0                               
       0.00000015215215215215205, 0                               
       0.00000015315315315315305, 0                               
       0.00000015415415415415406, 0                               
       0.00000015515515515515507, 0                               
       0.00000015615615615615608, 0                               
       0.00000015715715715715709, 0                               
        0.0000001581581581581581, 0                               
        0.0000001591591591591591, 0                               
        0.0000001601601601601601, 0                               
       0.00000016116116116116112, 0                               
       0.00000016216216216216213, 0                               
       0.00000016316316316316314, 0                               
       0.00000016416416416416414, 0                               
       0.00000016516516516516515, 0                               
       0.00000016616616616616616, 0                               
       0.00000016716716716716717, 0                               
       0.00000016816816816816818, 0                               
       0.00000016916916916916918, 0                               
        0.0000001701701701701702, 0                               
        0.0000001711711711711712, 0                               
        0.0000001721721721721722, 0                               
       0.00000017317317317317322, 0                               
       0.00000017417417417417422, 0                               
       0.00000017517517517517523, 0                               
       0.00000017617617617617624, 0                               
       0.00000017717717717717725, 0                               
       0.00000017817817817817826, 0                               
       0.00000017917917917917927, 0                               
       0.00000018018018018018027, 0                               
       0.00000018118118118118128, 0                               
        0.0000001821821821821823, 0                               
        0.0000001831831831831833, 0                               
        0.0000001841841841841843, 0                               
       0.00000018518518518518531, 0                               
       0.00000018618618618618632, 0                               
       0.00000018718718718718733, 0                               
       0.00000018818818818818834, 0                               
       0.00000018918918918918935, 0                               
       0.00000019019019019019035, 0                               
       0.00000019119119119119136, 0                               
       0.00000019219219219219237, 0                               
       0.00000019319319319319338, 0                               
        0.0000001941941941941944, 0                               
        0.0000001951951951951954, 0                               
        0.0000001961961961961964, 0                               
        0.0000001971971971971974, 0                               
       0.00000019819819819819842, 0                               
       0.00000019919919919919943, 0                               
       0.00000020020020020020044, 0                               
       0.00000020120120120120144, 0                               
       0.00000020220220220220245, 0                               
       0.00000020320320320320346, 0                               
       0.00000020420420420420447, 0                               
       0.00000020520520520520548, 0                               
       0.00000020620620620620648, 0                               
        0.0000002072072072072075, 0                               
        0.0000002082082082082085, 0                               
        0.0000002092092092092095, 0                               
       0.00000021021021021021052, 0                               
       0.00000021121121121121153, 0                               
       0.00000021221221221221253, 0                               
       0.00000021321321321321354, 0                               
       0.00000021421421421421455, 0                               
       0.00000021521521521521556, 0                               
       0.00000021621621621621657, 0                               
       0.00000021721721721721757, 0                               
       0.00000021821821821821858, 0                               
        0.0000002192192192192196, 0                               
        0.0000002202202202202206, 0                               
        0.0000002212212212212216, 0                               
       0.00000022222222222222262, 0                               
       0.00000022322322322322362, 0                               
       0.00000022422422422422463, 0                               
       0.00000022522522522522564, 0                               
       0.00000022622622622622665, 0                               
       0.00000022722722722722766, 0                               
       0.00000022822822822822866, 0                               
       0.00000022922922922922967, 0                               
       0.00000023023023023023068, 0                               
        0.0000002312312312312317, 0                               
        0.0000002322322322322327, 0                               
        0.0000002332332332332337, 0                               
        0.0000002342342342342347, 0                               
       0.00000023523523523523572, 0                               
       0.00000023623623623623673, 0                               
       0.00000023723723723723774, 0                               
       0.00000023823823823823875, 0                               
       0.00000023923923923923975, 0                               
       0.00000024024024024024074, 0                               
        0.0000002412412412412417, 0                               
        0.0000002422422422422427, 0                               
        0.0000002432432432432437, 0                               
       0.00000024424424424424466, 0                               
       0.00000024524524524524564, 0                               
        0.0000002462462462462466, 0                               
        0.0000002472472472472476, 0                               
        0.0000002482482482482486, 0                               
       0.00000024924924924924957, 0                               
       0.00000025025025025025055, 0                               
       0.00000025125125125125153, 0                               
        0.0000002522522522522525, 0                               
        0.0000002532532532532535, 0                               
        0.0000002542542542542545, 0                               
       0.00000025525525525525546, 0                               
       0.00000025625625625625644, 0                               
        0.0000002572572572572574, 0                               
        0.0000002582582582582584, 0                               
        0.0000002592592592592594, 0                               
       0.00000026026026026026037, 0                               
       0.00000026126126126126135, 0                               
       0.00000026226226226226233, 0                               
        0.0000002632632632632633, 0                               
        0.0000002642642642642643, 0                               
        0.0000002652652652652653, 0                               
       0.00000026626626626626626, 0                               
       0.00000026726726726726724, 0                               
        0.0000002682682682682682, 0                               
        0.0000002692692692692692, 0                               
        0.0000002702702702702702, 0                               
       0.00000027127127127127117, 0                               
       0.00000027227227227227215, 0                               
       0.00000027327327327327313, 0                               
        0.0000002742742742742741, 0                               
        0.0000002752752752752751, 0                               
        0.0000002762762762762761, 0                               
       0.00000027727727727727706, 0                               
       0.00000027827827827827804, 0                               
         0.000000279279279279279, 0                               
          0.00000028028028028028, 0                               
         0.000000281281281281281, 0                               
       0.00000028228228228228197, 0                               
       0.00000028328328328328295, 0                               
       0.00000028428428428428393, 0                               
        0.0000002852852852852849, 0                               
        0.0000002862862862862859, 0                               
       0.00000028728728728728687, 0                               
       0.00000028828828828828786, 0                               
       0.00000028928928928928884, 0                               
        0.0000002902902902902898, 0                               
        0.0000002912912912912908, 0                               
        0.0000002922922922922918, 0                               
       0.00000029329329329329276, 0                               
       0.00000029429429429429375, 0                               
       0.00000029529529529529473, 0                               
        0.0000002962962962962957, 0                               
        0.0000002972972972972967, 0                               
       0.00000029829829829829767, 0                               
       0.00000029929929929929865, 0                               
       0.00000030030030030029964, 0                               
        0.0000003013013013013006, 0                               
        0.0000003023023023023016, 0                               
        0.0000003033033033033026, 0                               
       0.00000030430430430430356, 0                               
       0.00000030530530530530454, 0                               
        0.0000003063063063063055, 0                               
        0.0000003073073073073065, 0                               
        0.0000003083083083083075, 0                               
       0.00000030930930930930847, 0                               
       0.00000031031031031030945, 0                               
       0.00000031131131131131043, 0                               
        0.0000003123123123123114, 0                               
        0.0000003133133133133124, 0                               
        0.0000003143143143143134, 0                               
       0.00000031531531531531436, 0                               
       0.00000031631631631631534, 0                               
        0.0000003173173173173163, 0                               
        0.0000003183183183183173, 0                               
        0.0000003193193193193183, 0                               
       0.00000032032032032031927, 0                               
       0.00000032132132132132025, 0                               
       0.00000032232232232232123, 0                               
        0.0000003233233233233222, 0                               
        0.0000003243243243243232, 0                               
        0.0000003253253253253242, 0                               
       0.00000032632632632632516, 0                               
       0.00000032732732732732614, 0                               
        0.0000003283283283283271, 0                               
        0.0000003293293293293281, 0                               
        0.0000003303303303303291, 0                               
       0.00000033133133133133007, 0                               
       0.00000033233233233233105, 0                               
       0.00000033333333333333203, 0                               
         0.000000334334334334333, 0                               
         0.000000335335335335334, 0                               
         0.000000336336336336335, 0                               
       0.00000033733733733733596, 0                               
       0.00000033833833833833694, 0                               
        0.0000003393393393393379, 0                               
        0.0000003403403403403389, 0                               
        0.0000003413413413413399, 0                               
       0.00000034234234234234087, 0                               
       0.00000034334334334334185, 0                               
       0.00000034434434434434283, 0                               
        0.0000003453453453453438, 0                               
        0.0000003463463463463448, 0                               
       0.00000034734734734734577, 0                               
       0.00000034834834834834676, 0                               
       0.00000034934934934934774, 0                               
        0.0000003503503503503487, 0                               
        0.0000003513513513513497, 0                               
        0.0000003523523523523507, 0                               
       0.00000035335335335335166, 0                               
       0.00000035435435435435265, 0                               
       0.00000035535535535535363, 0                               
        0.0000003563563563563546, 0                               
        0.0000003573573573573556, 0                               
       0.00000035835835835835657, 0                               
       0.00000035935935935935755, 0                               
       0.00000036036036036035854, 0                               
        0.0000003613613613613595, 0                               
        0.0000003623623623623605, 0                               
        0.0000003633633633633615, 0                               
       0.00000036436436436436246, 0                               
       0.00000036536536536536344, 0                               
        0.0000003663663663663644, 0                               
        0.0000003673673673673654, 0                               
        0.0000003683683683683664, 0                               
       0.00000036936936936936737, 0                               
       0.00000037037037037036835, 0                               
       0.00000037137137137136933, 0                               
        0.0000003723723723723703, 0                               
        0.0000003733733733733713, 0                               
        0.0000003743743743743723, 0                               
       0.00000037537537537537326, 0                               
       0.00000037637637637637424, 0                               
        0.0000003773773773773752, 0                               
        0.0000003783783783783762, 0                               
        0.0000003793793793793772, 0                               
       0.00000038038038038037817, 0                               
       0.00000038138138138137915, 0                               
       0.00000038238238238238013, 0                               
        0.0000003833833833833811, 0                               
        0.0000003843843843843821, 0                               
        0.0000003853853853853831, 0                               
       0.00000038638638638638406, 0                               
       0.00000038738738738738504, 0                               
         0.000000388388388388386, 0                               
         0.000000389389389389387, 0                               
         0.000000390390390390388, 0                               
       0.00000039139139139138897, 0                               
       0.00000039239239239238995, 0                               
       0.00000039339339339339093, 0                               
        0.0000003943943943943919, 0                               
        0.0000003953953953953929, 0                               
        0.0000003963963963963939, 0                               
       0.00000039739739739739486, 0                               
       0.00000039839839839839584, 0                               
        0.0000003993993993993968, 0                               
        0.0000004004004004003978, 0                               
        0.0000004014014014013988, 0                               
       0.00000040240240240239977, 0                               
       0.00000040340340340340075, 0                               
       0.00000040440440440440173, 0                               
        0.0000004054054054054027, 0                               
        0.0000004064064064064037, 0                               
       0.00000040740740740740467, 0                               
       0.00000040840840840840566, 0                               
       0.00000040940940940940664, 0                               
        0.0000004104104104104076, 0                               
        0.0000004114114114114086, 0                               
        0.0000004124124124124096, 0                               
       0.00000041341341341341056, 0                               
       0.00000041441441441441155, 0                               
       0.00000041541541541541253, 0                               
        0.0000004164164164164135, 0                               
        0.0000004174174174174145, 0                               
       0.00000041841841841841547, 0                               
       0.00000041941941941941645, 0                               
       0.00000042042042042041744, 0                               
        0.0000004214214214214184, 0                               
        0.0000004224224224224194, 0                               
        0.0000004234234234234204, 0                               
       0.00000042442442442442136, 0                               
       0.00000042542542542542234, 0                               
        0.0000004264264264264233, 0                               
        0.0000004274274274274243, 0                               
        0.0000004284284284284253, 0                               
       0.00000042942942942942627, 0                               
       0.00000043043043043042725, 0                               
       0.00000043143143143142823, 0                               
        0.0000004324324324324292, 0                               
        0.0000004334334334334302, 0                               
        0.0000004344344344344312, 0                               
       0.00000043543543543543216, 0                               
       0.00000043643643643643314, 0                               
        0.0000004374374374374341, 0                               
        0.0000004384384384384351, 0                               
        0.0000004394394394394361, 0                               
       0.00000044044044044043707, 0                               
       0.00000044144144144143805, 0                               
       0.00000044244244244243903, 0                               
          0.00000044344344344344, 0                               
         0.000000444444444444441, 0                               
         0.000000445445445445442, 0                               
       0.00000044644644644644296, 0                               
       0.00000044744744744744394, 0                               
        0.0000004484484484484449, 0                               
        0.0000004494494494494459, 0                               
        0.0000004504504504504469, 0                               
       0.00000045145145145144787, 0                               
       0.00000045245245245244885, 0                               
       0.00000045345345345344983, 0                               
        0.0000004544544544544508, 0                               
        0.0000004554554554554518, 0                               
        0.0000004564564564564528, 0                               
       0.00000045745745745745376, 0                               
       0.00000045845845845845474, 0                               
        0.0000004594594594594557, 0                               
        0.0000004604604604604567, 0                               
        0.0000004614614614614577, 0                               
       0.00000046246246246245867, 0                               
       0.00000046346346346345965, 0                               
       0.00000046446446446446063, 0                               
        0.0000004654654654654616, 0                               
        0.0000004664664664664626, 0                               
       0.00000046746746746746357, 0                               
       0.00000046846846846846456, 0                               
       0.00000046946946946946554, 0                               
        0.0000004704704704704665, 0                               
        0.0000004714714714714675, 0                               
        0.0000004724724724724685, 0                               
       0.00000047347347347346946, 0                               
       0.00000047447447447447045, 0                               
       0.00000047547547547547143, 0                               
        0.0000004764764764764724, 0                               
        0.0000004774774774774734, 0                               
        0.0000004784784784784744, 0                               
        0.0000004794794794794754, 0                               
        0.0000004804804804804764, 0                               
        0.0000004814814814814774, 0                               
        0.0000004824824824824784, 0                               
        0.0000004834834834834793, 0                               
        0.0000004844844844844803, 0                               
        0.0000004854854854854813, 0                               
        0.0000004864864864864823, 0                               
        0.0000004874874874874833, 0                               
        0.0000004884884884884842, 0                               
        0.0000004894894894894852, 0                               
        0.0000004904904904904862, 0                               
        0.0000004914914914914872, 0                               
        0.0000004924924924924882, 0                               
        0.0000004934934934934891, 0                               
        0.0000004944944944944901, 0                               
        0.0000004954954954954911, 0                               
        0.0000004964964964964921, 0                               
        0.0000004974974974974931, 0                               
        0.0000004984984984984941, 0                               
         0.000000499499499499495, 0                               
         0.000000500500500500496, 0                               
         0.000000501501501501497, 0                               
         0.000000502502502502498, 0                               
         0.000000503503503503499, 0                               
           0.0000005045045045045, 0                               
        0.0000005055055055055009, 0                               
        0.0000005065065065065019, 0                               
        0.0000005075075075075029, 0                               
        0.0000005085085085085039, 0                               
        0.0000005095095095095049, 0                               
        0.0000005105105105105058, 0                               
        0.0000005115115115115068, 0                               
        0.0000005125125125125078, 0                               
        0.0000005135135135135088, 0                               
        0.0000005145145145145098, 0                               
        0.0000005155155155155107, 0                               
        0.0000005165165165165117, 0                               
        0.0000005175175175175127, 0                               
        0.0000005185185185185137, 0                               
        0.0000005195195195195147, 0                               
        0.0000005205205205205157, 0                               
        0.0000005215215215215166, 0                               
        0.0000005225225225225176, 0                               
        0.0000005235235235235186, 0                               
        0.0000005245245245245196, 0                               
        0.0000005255255255255206, 0                               
        0.0000005265265265265215, 0                               
        0.0000005275275275275225, 0                               
        0.0000005285285285285235, 0                               
        0.0000005295295295295245, 0                               
        0.0000005305305305305255, 0                               
        0.0000005315315315315265, 0                               
        0.0000005325325325325274, 0                               
        0.0000005335335335335284, 0                               
        0.0000005345345345345294, 0                               
        0.0000005355355355355304, 0                               
        0.0000005365365365365314, 0                               
        0.0000005375375375375323, 0                               
        0.0000005385385385385333, 0                               
        0.0000005395395395395343, 0                               
        0.0000005405405405405353, 0                               
        0.0000005415415415415363, 0                               
        0.0000005425425425425373, 0                               
        0.0000005435435435435382, 0                               
        0.0000005445445445445392, 0                               
        0.0000005455455455455402, 0                               
        0.0000005465465465465412, 0                               
        0.0000005475475475475422, 0                               
        0.0000005485485485485431, 0                               
        0.0000005495495495495441, 0                               
        0.0000005505505505505451, 0                               
        0.0000005515515515515461, 0                               
        0.0000005525525525525471, 0                               
         0.000000553553553553548, 0                               
         0.000000554554554554549, 0                               
          0.00000055555555555555, 0                               
         0.000000556556556556551, 0                               
         0.000000557557557557552, 0                               
         0.000000558558558558553, 0                               
        0.0000005595595595595539, 0                               
        0.0000005605605605605549, 0                               
        0.0000005615615615615559, 0                               
        0.0000005625625625625569, 0                               
        0.0000005635635635635579, 0                               
        0.0000005645645645645588, 0                               
        0.0000005655655655655598, 0                               
        0.0000005665665665665608, 0                               
        0.0000005675675675675618, 0                               
        0.0000005685685685685628, 0                               
        0.0000005695695695695638, 0                               
        0.0000005705705705705647, 0                               
        0.0000005715715715715657, 0                               
        0.0000005725725725725667, 0                               
        0.0000005735735735735677, 0                               
        0.0000005745745745745687, 0                               
        0.0000005755755755755696, 0                               
        0.0000005765765765765706, 0                               
        0.0000005775775775775716, 0                               
        0.0000005785785785785726, 0                               
        0.0000005795795795795736, 0                               
        0.0000005805805805805746, 0                               
        0.0000005815815815815755, 0                               
        0.0000005825825825825765, 0                               
        0.0000005835835835835775, 0                               
        0.0000005845845845845785, 0                               
        0.0000005855855855855795, 0                               
        0.0000005865865865865804, 0                               
        0.0000005875875875875814, 0                               
        0.0000005885885885885824, 0                               
        0.0000005895895895895834, 0                               
        0.0000005905905905905844, 0                               
        0.0000005915915915915854, 0                               
        0.0000005925925925925863, 0                               
        0.0000005935935935935873, 0                               
        0.0000005945945945945883, 0                               
        0.0000005955955955955893, 0                               
        0.0000005965965965965903, 0                               
        0.0000005975975975975912, 0                               
        0.0000005985985985985922, 0                               
        0.0000005995995995995932, 0                               
        0.0000006006006006005942, 0                               
        0.0000006016016016015952, 0                               
        0.0000006026026026025962, 0                               
        0.0000006036036036035971, 0                               
        0.0000006046046046045981, 0                               
        0.0000006056056056055991, 0                               
        0.0000006066066066066001, 0                               
        0.0000006076076076076011, 0                               
         0.000000608608608608602, 0                               
         0.000000609609609609603, 0                               
         0.000000610610610610604, 0                               
         0.000000611611611611605, 0                               
         0.000000612612612612606, 0                               
         0.000000613613613613607, 0                               
        0.0000006146146146146079, 0                               
        0.0000006156156156156089, 0                               
        0.0000006166166166166099, 0                               
        0.0000006176176176176109, 0                               
        0.0000006186186186186119, 0                               
        0.0000006196196196196128, 0                               
        0.0000006206206206206138, 0                               
        0.0000006216216216216148, 0                               
        0.0000006226226226226158, 0                               
        0.0000006236236236236168, 0                               
        0.0000006246246246246177, 0                               
        0.0000006256256256256187, 0                               
        0.0000006266266266266197, 0                               
        0.0000006276276276276207, 0                               
        0.0000006286286286286217, 0                               
        0.0000006296296296296227, 0                               
        0.0000006306306306306236, 0                               
        0.0000006316316316316246, 0                               
        0.0000006326326326326256, 0                               
        0.0000006336336336336266, 0                               
        0.0000006346346346346276, 0                               
        0.0000006356356356356285, 0                               
        0.0000006366366366366295, 0                               
        0.0000006376376376376305, 0                               
        0.0000006386386386386315, 0                               
        0.0000006396396396396325, 0                               
        0.0000006406406406406335, 0                               
        0.0000006416416416416344, 0                               
        0.0000006426426426426354, 0                               
        0.0000006436436436436364, 0                               
        0.0000006446446446446374, 0                               
        0.0000006456456456456384, 0                               
        0.0000006466466466466393, 0                               
        0.0000006476476476476403, 0                               
        0.0000006486486486486413, 0                               
        0.0000006496496496496423, 0                               
        0.0000006506506506506433, 0                               
        0.0000006516516516516443, 0                               
        0.0000006526526526526452, 0                               
        0.0000006536536536536462, 0                               
        0.0000006546546546546472, 0                               
        0.0000006556556556556482, 0                               
        0.0000006566566566566492, 0                               
        0.0000006576576576576501, 0                               
        0.0000006586586586586511, 0                               
        0.0000006596596596596521, 0                               
        0.0000006606606606606531, 0                               
        0.0000006616616616616541, 0                               
         0.000000662662662662655, 0                               
         0.000000663663663663656, 0                               
         0.000000664664664664657, 0                               
         0.000000665665665665658, 0                               
         0.000000666666666666659, 0                               
          0.00000066766766766766, 0                               
        0.0000006686686686686609, 0                               
        0.0000006696696696696619, 0                               
        0.0000006706706706706629, 0                               
        0.0000006716716716716639, 0                               
        0.0000006726726726726649, 0                               
        0.0000006736736736736658, 0                               
        0.0000006746746746746668, 0                               
        0.0000006756756756756678, 0                               
        0.0000006766766766766688, 0                               
        0.0000006776776776776698, 0                               
        0.0000006786786786786708, 0                               
        0.0000006796796796796717, 0                               
        0.0000006806806806806727, 0                               
        0.0000006816816816816737, 0                               
        0.0000006826826826826747, 0                               
        0.0000006836836836836757, 0                               
        0.0000006846846846846766, 0                               
        0.0000006856856856856776, 0                               
        0.0000006866866866866786, 0                               
        0.0000006876876876876796, 0                               
        0.0000006886886886886806, 0                               
        0.0000006896896896896816, 0                               
        0.0000006906906906906825, 0                               
        0.0000006916916916916835, 0                               
        0.0000006926926926926845, 0                               
        0.0000006936936936936855, 0                               
        0.0000006946946946946865, 0                               
        0.0000006956956956956874, 0                               
        0.0000006966966966966884, 0                               
        0.0000006976976976976894, 0                               
        0.0000006986986986986904, 0                               
        0.0000006996996996996914, 0                               
        0.0000007007007007006924, 0                               
        0.0000007017017017016933, 0                               
        0.0000007027027027026943, 0                               
        0.0000007037037037036953, 0                               
        0.0000007047047047046963, 0                               
        0.0000007057057057056973, 0                               
        0.0000007067067067066982, 0                               
        0.0000007077077077076992, 0                               
        0.0000007087087087087002, 0                               
        0.0000007097097097097012, 0                               
        0.0000007107107107107022, 0                               
        0.0000007117117117117032, 0                               
        0.0000007127127127127041, 0                               
        0.0000007137137137137051, 0                               
        0.0000007147147147147061, 0                               
        0.0000007157157157157071, 0                               
        0.0000007167167167167081, 0                               
         0.000000717717717717709, 0                               
          0.00000071871871871871, 0                               
         0.000000719719719719711, 0                               
         0.000000720720720720712, 0                               
         0.000000721721721721713, 0                               
         0.000000722722722722714, 0                               
        0.0000007237237237237149, 0                               
        0.0000007247247247247159, 0                               
        0.0000007257257257257169, 0                               
        0.0000007267267267267179, 0                               
        0.0000007277277277277189, 0                               
        0.0000007287287287287198, 0                               
        0.0000007297297297297208, 0                               
        0.0000007307307307307218, 0                               
        0.0000007317317317317228, 0                               
        0.0000007327327327327238, 0                               
        0.0000007337337337337247, 0                               
        0.0000007347347347347257, 0                               
        0.0000007357357357357267, 0                               
        0.0000007367367367367277, 0                               
        0.0000007377377377377287, 0                               
        0.0000007387387387387297, 0                               
        0.0000007397397397397306, 0                               
        0.0000007407407407407316, 0                               
        0.0000007417417417417326, 0                               
        0.0000007427427427427336, 0                               
        0.0000007437437437437346, 0                               
        0.0000007447447447447355, 0                               
        0.0000007457457457457365, 0                               
        0.0000007467467467467375, 0                               
        0.0000007477477477477385, 0                               
        0.0000007487487487487395, 0                               
        0.0000007497497497497405, 0                               
        0.0000007507507507507414, 0                               
        0.0000007517517517517424, 0                               
        0.0000007527527527527434, 0                               
        0.0000007537537537537444, 0                               
        0.0000007547547547547454, 0                               
        0.0000007557557557557463, 0                               
        0.0000007567567567567473, 0                               
        0.0000007577577577577483, 0                               
        0.0000007587587587587493, 0                               
        0.0000007597597597597503, 0                               
        0.0000007607607607607513, 0                               
        0.0000007617617617617522, 0                               
        0.0000007627627627627532, 0                               
        0.0000007637637637637542, 0                               
        0.0000007647647647647552, 0                               
        0.0000007657657657657562, 0                               
        0.0000007667667667667571, 0                               
        0.0000007677677677677581, 0                               
        0.0000007687687687687591, 0                               
        0.0000007697697697697601, 0                               
        0.0000007707707707707611, 0                               
         0.000000771771771771762, 0                               
         0.000000772772772772763, 0                               
         0.000000773773773773764, 0                               
         0.000000774774774774765, 0                               
         0.000000775775775775766, 0                               
         0.000000776776776776767, 0                               
        0.0000007777777777777679, 0                               
        0.0000007787787787787689, 0                               
        0.0000007797797797797699, 0                               
        0.0000007807807807807709, 0                               
        0.0000007817817817817719, 0                               
        0.0000007827827827827729, 0                               
        0.0000007837837837837738, 0                               
        0.0000007847847847847748, 0                               
        0.0000007857857857857758, 0                               
        0.0000007867867867867768, 0                               
        0.0000007877877877877778, 0                               
        0.0000007887887887887787, 0                               
        0.0000007897897897897797, 0                               
        0.0000007907907907907807, 0                               
        0.0000007917917917917817, 0                               
        0.0000007927927927927827, 0                               
        0.0000007937937937937836, 0                               
        0.0000007947947947947846, 0                               
        0.0000007957957957957856, 0                               
        0.0000007967967967967866, 0                               
        0.0000007977977977977876, 0                               
        0.0000007987987987987886, 0                               
        0.0000007997997997997895, 0                               
        0.0000008008008008007905, 0                               
        0.0000008018018018017915, 0                               
        0.0000008028028028027925, 0                               
        0.0000008038038038037935, 0                               
        0.0000008048048048047944, 0                               
        0.0000008058058058057954, 0                               
        0.0000008068068068067964, 0                               
        0.0000008078078078077974, 0                               
        0.0000008088088088087984, 0                               
        0.0000008098098098097994, 0                               
        0.0000008108108108108003, 0                               
        0.0000008118118118118013, 0                               
        0.0000008128128128128023, 0                               
        0.0000008138138138138033, 0                               
        0.0000008148148148148043, 0                               
        0.0000008158158158158052, 0                               
        0.0000008168168168168062, 0                               
        0.0000008178178178178072, 0                               
        0.0000008188188188188082, 0                               
        0.0000008198198198198092, 0                               
        0.0000008208208208208102, 0                               
        0.0000008218218218218111, 0                               
        0.0000008228228228228121, 0                               
        0.0000008238238238238131, 0                               
        0.0000008248248248248141, 0                               
        0.0000008258258258258151, 0                               
         0.000000826826826826816, 0                               
         0.000000827827827827817, 0                               
         0.000000828828828828818, 0                               
         0.000000829829829829819, 0                               
          0.00000083083083083082, 0                               
         0.000000831831831831821, 0                               
        0.0000008328328328328219, 0                               
        0.0000008338338338338229, 0                               
        0.0000008348348348348239, 0                               
        0.0000008358358358358249, 0                               
        0.0000008368368368368259, 0                               
        0.0000008378378378378268, 0                               
        0.0000008388388388388278, 0                               
        0.0000008398398398398288, 0                               
        0.0000008408408408408298, 0                               
        0.0000008418418418418308, 0                               
        0.0000008428428428428318, 0                               
        0.0000008438438438438327, 0                               
        0.0000008448448448448337, 0                               
        0.0000008458458458458347, 0                               
        0.0000008468468468468357, 0                               
        0.0000008478478478478367, 0                               
        0.0000008488488488488376, 0                               
        0.0000008498498498498386, 0                               
        0.0000008508508508508396, 0                               
        0.0000008518518518518406, 0                               
        0.0000008528528528528416, 0                               
        0.0000008538538538538425, 0                               
        0.0000008548548548548435, 0                               
        0.0000008558558558558445, 0                               
        0.0000008568568568568455, 0                               
        0.0000008578578578578465, 0                               
        0.0000008588588588588475, 0                               
        0.0000008598598598598484, 0                               
        0.0000008608608608608494, 0                               
        0.0000008618618618618504, 0                               
        0.0000008628628628628514, 0                               
        0.0000008638638638638524, 0                               
        0.0000008648648648648533, 0                               
        0.0000008658658658658543, 0                               
        0.0000008668668668668553, 0                               
        0.0000008678678678678563, 0                               
        0.0000008688688688688573, 0                               
        0.0000008698698698698583, 0                               
        0.0000008708708708708592, 0                               
        0.0000008718718718718602, 0                               
        0.0000008728728728728612, 0                               
        0.0000008738738738738622, 0                               
        0.0000008748748748748632, 0                               
        0.0000008758758758758641, 0                               
        0.0000008768768768768651, 0.0000000006396874227869427     
        0.0000008778778778778661, 0                               
        0.0000008788788788788671, 0                               
        0.0000008798798798798681, 0                               
        0.0000008808808808808691, 0                               
          0.00000088188188188187, 0                               
         0.000000882882882882871, 0                               
         0.000000883883883883872, 0                               
         0.000000884884884884873, 0                               
         0.000000885885885885874, 0                               
        0.0000008868868868868749, 0                               
        0.0000008878878878878759, 0                               
        0.0000008888888888888769, 0                               
        0.0000008898898898898779, 0                               
        0.0000008908908908908789, 0                               
        0.0000008918918918918799, 0                               
        0.0000008928928928928808, 0                               
        0.0000008938938938938818, 0                               
        0.0000008948948948948828, 0                               
        0.0000008958958958958838, 0                               
        0.0000008968968968968848, 0                               
        0.0000008978978978978857, 0                               
        0.0000008988988988988867, 0                               
        0.0000008998998998998877, 0                               
        0.0000009009009009008887, 0                               
        0.0000009019019019018897, 0                               
        0.0000009029029029028907, 0                               
        0.0000009039039039038916, 0                               
        0.0000009049049049048926, 0                               
        0.0000009059059059058936, 0                               
        0.0000009069069069068946, 0                               
        0.0000009079079079078956, 0                               
        0.0000009089089089088965, 0                               
        0.0000009099099099098975, 0                               
        0.0000009109109109108985, 0                               
        0.0000009119119119118995, 0                               
        0.0000009129129129129005, 0                               
        0.0000009139139139139014, 0                               
        0.0000009149149149149024, 0                               
        0.0000009159159159159034, 0                               
        0.0000009169169169169044, 0                               
        0.0000009179179179179054, 0                               
        0.0000009189189189189064, 0                               
        0.0000009199199199199073, 0                               
        0.0000009209209209209083, 0                               
        0.0000009219219219219093, 0                               
        0.0000009229229229229103, 0                               
        0.0000009239239239239113, 0                               
        0.0000009249249249249122, 0                               
        0.0000009259259259259132, 0                               
        0.0000009269269269269142, 0                               
        0.0000009279279279279152, 0                               
        0.0000009289289289289162, 0                               
        0.0000009299299299299172, 0                               
        0.0000009309309309309181, 0                               
        0.0000009319319319319191, 0                               
        0.0000009329329329329201, 0                               
        0.0000009339339339339211, 0                               
        0.0000009349349349349221, 0                               
         0.000000935935935935923, 0                               
         0.000000936936936936924, 0                               
         0.000000937937937937925, 0                               
         0.000000938938938938926, 0                               
         0.000000939939939939927, 0                               
         0.000000940940940940928, 0                               
        0.0000009419419419419289, 0                               
        0.0000009429429429429299, 0                               
        0.0000009439439439439309, 0                               
        0.0000009449449449449319, 0                               
        0.0000009459459459459329, 0                               
        0.0000009469469469469338, 0                               
        0.0000009479479479479348, 0                               
        0.0000009489489489489358, 0                               
        0.0000009499499499499368, 0                               
        0.0000009509509509509378, 0                               
        0.0000009519519519519388, 0                               
        0.0000009529529529529397, 0                               
        0.0000009539539539539408, 0                               
        0.0000009549549549549418, 0                               
        0.0000009559559559559428, 0                               
        0.0000009569569569569438, 0                               
        0.0000009579579579579447, 0                               
        0.0000009589589589589457, 0                               
        0.0000009599599599599467, 0                               
        0.0000009609609609609477, 0                               
        0.0000009619619619619487, 0                               
        0.0000009629629629629497, 0                               
        0.0000009639639639639506, 0                               
        0.0000009649649649649516, 0                               
        0.0000009659659659659526, 0                               
        0.0000009669669669669536, 0                               
        0.0000009679679679679546, 0                               
        0.0000009689689689689555, 0                               
        0.0000009699699699699565, 0                               
        0.0000009709709709709575, 0                               
        0.0000009719719719719585, 0                               
        0.0000009729729729729595, 0                               
        0.0000009739739739739605, 0                               
        0.0000009749749749749614, 0                               
        0.0000009759759759759624, 0                               
        0.0000009769769769769634, 0                               
        0.0000009779779779779644, 0                               
        0.0000009789789789789654, 0                               
        0.0000009799799799799663, 0                               
        0.0000009809809809809673, 0                               
        0.0000009819819819819683, 0                               
        0.0000009829829829829693, 0                               
        0.0000009839839839839703, 0                               
        0.0000009849849849849713, 0                               
        0.0000009859859859859722, 0                               
        0.0000009869869869869732, 0                               
        0.0000009879879879879742, 0                               
        0.0000009889889889889752, 0                               
        0.0000009899899899899762, 0                               
        0.0000009909909909909771, 0                               
        0.0000009919919919919781, 0                               
        0.0000009929929929929791, 0                               
          0.00000099399399399398, 0                               
         0.000000994994994994981, 0                               
         0.000000995995995995982, 0                               
         0.000000996996996996983, 0                               
         0.000000997997997997984, 0                               
         0.000000998998998998985, 0                               
         0.000000999999999999986, 0                               
         0.000001001001001000987, 0                               
