5.18495570215957e-07
4.676835663526605e-07
4.7631222341983487e-07
4.929519225038573e-07
4.995673848830535e-07
5.444393057420998e-07
5.436333825957918e-07
4.821101982935292e-07
5.206628467239047e-07
5.18495570215957e-07
5.18495570215957e-07
4.676835663526605e-07
4.7631222341983487e-07
4.929519225038573e-07
4.995673848830535e-07
5.444393057420998e-07
5.436333825957918e-07
4.821101982935292e-07
5.206628467239047e-07
5.18495570215957e-07
5.18495570215957e-07
4.676835663526605e-07
4.7631222341983487e-07
4.929519225038573e-07
4.995673848830535e-07
5.444393057420998e-07
5.436333825957918e-07
4.821101982935292e-07
5.206628467239047e-07
5.18495570215957e-07
5.18495570215957e-07
4.676835663526605e-07
4.7631222341983487e-07
4.929519225038573e-07
4.995673848830535e-07
5.444393057420998e-07
5.436333825957918e-07
4.821101982935292e-07
5.206628467239047e-07
5.18495570215957e-07
5.18495570215957e-07
4.676835663526605e-07
4.7631222341983487e-07
4.929519225038573e-07
4.995673848830535e-07
5.444393057420998e-07
5.436333825957918e-07
4.821101982935292e-07
5.206628467239047e-07
5.18495570215957e-07
5.18495570215957e-07
4.676835663526605e-07
4.7631222341983487e-07
4.929519225038573e-07
4.995673848830535e-07
5.444393057420998e-07
5.436333825957918e-07
4.821101982935292e-07
5.206628467239047e-07
5.18495570215957e-07
5.18495570215957e-07
4.676835663526605e-07
4.7631222341983487e-07
4.929519225038573e-07
4.995673848830535e-07
5.444393057420998e-07
5.436333825957918e-07
4.821101982935292e-07
5.206628467239047e-07
5.18495570215957e-07
2.325889371374643e-06
2.4152114661421686e-06
2.778312505662409e-06
2.141533428693237e-06
2.2715270141247867e-06
2.596464137285531e-06
2.3907556102960666e-06
2.2644052584566885e-06
2.136851194706717e-06
2.23430836788133e-06
2.325889371374643e-06
2.4152114661421686e-06
2.778312505662409e-06
2.141533428693237e-06
2.2715270141247867e-06
2.596464137285531e-06
2.3907556102960666e-06
2.2644052584566885e-06
2.136851194706717e-06
2.23430836788133e-06
2.325889371374643e-06
2.4152114661421686e-06
2.778312505662409e-06
2.141533428693237e-06
2.2715270141247867e-06
2.596464137285531e-06
2.3907556102960666e-06
2.2644052584566885e-06
2.136851194706717e-06
2.23430836788133e-06
2.325889371374643e-06
2.4152114661421686e-06
2.778312505662409e-06
2.141533428693237e-06
2.2715270141247867e-06
2.596464137285531e-06
2.3907556102960666e-06
2.2644052584566885e-06
2.136851194706717e-06
2.23430836788133e-06
2.325889371374643e-06
2.4152114661421686e-06
2.778312505662409e-06
2.141533428693237e-06
2.2715270141247867e-06
2.596464137285531e-06
2.3907556102960666e-06
2.2644052584566885e-06
2.136851194706717e-06
2.23430836788133e-06
2.325889371374643e-06
2.4152114661421686e-06
2.778312505662409e-06
2.141533428693237e-06
2.2715270141247867e-06
2.596464137285531e-06
2.3907556102960666e-06
2.2644052584566885e-06
2.136851194706717e-06
2.23430836788133e-06
2.325889371374643e-06
2.4152114661421686e-06
2.778312505662409e-06
2.141533428693237e-06
2.2715270141247867e-06
2.596464137285531e-06
2.3907556102960666e-06
2.2644052584566885e-06
2.136851194706717e-06
2.23430836788133e-06
2.325889371374643e-06
2.4152114661421686e-06
2.778312505662409e-06
2.141533428693237e-06
2.2715270141247867e-06
2.596464137285531e-06
2.3907556102960666e-06
2.2644052584566885e-06
2.136851194706717e-06
2.23430836788133e-06
2.325889371374643e-06
2.4152114661421686e-06
2.778312505662409e-06
2.141533428693237e-06
2.2715270141247867e-06
2.596464137285531e-06
2.3907556102960666e-06
2.2644052584566885e-06
2.136851194706717e-06
2.23430836788133e-06
2.325889371374643e-06
2.4152114661421686e-06
2.778312505662409e-06
2.141533428693237e-06
2.2715270141247867e-06
2.596464137285531e-06
2.3907556102960666e-06
2.2644052584566885e-06
2.136851194706717e-06
2.23430836788133e-06
2.325889371374643e-06
2.4152114661421686e-06
2.778312505662409e-06
2.141533428693237e-06
2.2715270141247867e-06
2.596464137285531e-06
2.3907556102960666e-06
2.2644052584566885e-06
2.136851194706717e-06
2.23430836788133e-06
2.325889371374643e-06
2.4152114661421686e-06
2.778312505662409e-06
2.141533428693237e-06
2.2715270141247867e-06
2.596464137285531e-06
2.3907556102960666e-06
2.2644052584566885e-06
2.136851194706717e-06
2.23430836788133e-06
2.325889371374643e-06
2.4152114661421686e-06
2.778312505662409e-06
2.141533428693237e-06
2.2715270141247867e-06
2.596464137285531e-06
2.3907556102960666e-06
2.2644052584566885e-06
2.136851194706717e-06
2.23430836788133e-06
2.325889371374643e-06
2.4152114661421686e-06
2.778312505662409e-06
2.141533428693237e-06
2.2715270141247867e-06
2.596464137285531e-06
2.3907556102960666e-06
2.2644052584566885e-06
2.136851194706717e-06
2.23430836788133e-06
2.325889371374643e-06
2.4152114661421686e-06
2.778312505662409e-06
2.141533428693237e-06
2.2715270141247867e-06
2.596464137285531e-06
2.3907556102960666e-06
2.2644052584566885e-06
2.136851194706717e-06
2.23430836788133e-06
2.325889371374643e-06
2.4152114661421686e-06
2.778312505662409e-06
2.141533428693237e-06
2.2715270141247867e-06
2.596464137285531e-06
2.3907556102960666e-06
2.2644052584566885e-06
2.136851194706717e-06
2.23430836788133e-06
2.325889371374643e-06
2.4152114661421686e-06
2.778312505662409e-06
2.141533428693237e-06
2.2715270141247867e-06
2.596464137285531e-06
2.3907556102960666e-06
2.2644052584566885e-06
2.136851194706717e-06
2.23430836788133e-06
2.325889371374643e-06
2.4152114661421686e-06
2.778312505662409e-06
2.141533428693237e-06
2.2715270141247867e-06
2.596464137285531e-06
2.3907556102960666e-06
2.2644052584566885e-06
2.136851194706717e-06
2.23430836788133e-06
2.325889371374643e-06
2.4152114661421686e-06
2.778312505662409e-06
2.141533428693237e-06
2.2715270141247867e-06
2.596464137285531e-06
2.3907556102960666e-06
2.2644052584566885e-06
2.136851194706717e-06
2.23430836788133e-06
2.325889371374643e-06
2.4152114661421686e-06
2.778312505662409e-06
2.141533428693237e-06
2.2715270141247867e-06
2.596464137285531e-06
2.3907556102960666e-06
2.2644052584566885e-06
2.136851194706717e-06
2.23430836788133e-06
2.325889371374643e-06
2.4152114661421686e-06
2.778312505662409e-06
2.141533428693237e-06
2.2715270141247867e-06
2.596464137285531e-06
2.3907556102960666e-06
2.2644052584566885e-06
2.136851194706717e-06
2.23430836788133e-06
