6.915391421120093e-09
9.830950336488283e-09
1.3374507982775154e-08
1.1311250691678801e-08
9.489913469816929e-09
7.239494363307662e-09
5.294860835081562e-09
8.249296543204846e-09
9.772511206126444e-09
7.486813188886151e-09
5.9872566496962725e-09
5.795088715087317e-09
6.449434977887918e-09
6.4254787756892495e-09
5.282957387691452e-09
5.407949432413811e-09
5.158104862731364e-09
5.749548688680231e-09
6.299656272506105e-09
4.418524374279915e-09
4.856249914400616e-09
6.060275620877333e-09
5.6668753006073296e-09
5.637593260953695e-09
5.624631353610922e-09
6.0706962901178405e-09
5.751509839380029e-09
6.236170522054058e-09
6.934830424018845e-09
6.123121008434407e-09
6.34255635765731e-09
6.723566438214163e-09
7.838658365587029e-09
8.223703052287239e-09
8.419766459966136e-09
9.396426303792447e-09
1.0239912352750096e-08
1.1206941619156545e-08
1.2479115658784008e-08
1.406754245825353e-08
1.598780753604914e-08
1.882724459938159e-08
2.250304455100827e-08
2.7347649259774207e-08
3.482091756097179e-08
4.7189536338445684e-08
6.92058597832217e-08
