3.782018635946907e-09
5.872444100022493e-09
7.046651647392708e-09
8.850682404179316e-09
5.9330511711734404e-09
5.321846882890391e-09
6.13425469490873e-09
4.7556255761403494e-09
5.544562646048504e-09
5.147343387084472e-09
4.558559561910678e-09
4.002209691998724e-09
3.914742577087095e-09
4.963409060957349e-09
3.7799416154736725e-09
4.016241065399835e-09
3.982640579200991e-09
3.3429003691094614e-09
4.487134959965335e-09
3.679896844927392e-09
4.145909531374992e-09
4.285173679381354e-09
4.344840924810387e-09
4.054912630899208e-09
3.895005024016201e-09
4.4737079837676505e-09
4.354286877846149e-09
4.663138811224518e-09
4.791912421604937e-09
4.443221804891789e-09
4.963108026982159e-09
4.84887290919947e-09
5.488012759744635e-09
5.743047246441444e-09
5.7570824994014675e-09
7.096097763547224e-09
7.298755506870284e-09
8.118800541495218e-09
9.35131159413762e-09
1.016624619533721e-08
1.1644367408684228e-08
1.362272266283639e-08
1.6726682645576748e-08
2.0702754321703058e-08
2.74409677323917e-08
3.886604788262888e-08
6.280578292417669e-08
