3.135938544087729e-08
8.99667360432732e-08
8.480561301163358e-08
3.182813072701304e-08
6.292755856278385e-08
2.2065673807823056e-08
3.466427305581224e-08
3.015757031063047e-08
1.688745053168887e-08
2.231097474377074e-08
1.3797890344649893e-08
1.3044731667512886e-08
1.0989553605528509e-08
7.3532071278698634e-09
7.696827285342764e-09
6.40776422077364e-09
8.30576096419064e-09
5.9943724638420455e-09
5.934447300074016e-09
6.0119282717525255e-09
4.296440356623567e-09
3.90498329349733e-09
4.847873860531361e-09
5.309705308874064e-09
5.01862637296068e-09
4.8359788189305256e-09
4.6456973321518315e-09
5.317698482036504e-09
4.731247901815504e-09
5.715245519032076e-09
5.147545767553711e-09
4.851540104010354e-09
5.888780631424073e-09
6.671708744655541e-09
7.195456768850755e-09
7.770388741853272e-09
8.084494531272106e-09
8.515021488179663e-09
9.560894648190687e-09
1.081214595604998e-08
1.237118421371046e-08
1.4413717870266517e-08
1.747535343199184e-08
2.1615418157177372e-08
2.7871195050593782e-08
3.9578088718386814e-08
6.453142746121252e-08
