5.395809196973197e-08
1.2928288674797413e-07
6.34101767459886e-08
3.655954577319823e-08
6.789955298067447e-08
2.2132400666996032e-08
5.5505966600474226e-08
5.173202300362899e-08
1.8128717799789624e-08
3.087211348751424e-08
1.7581285895333398e-08
2.0724745942211733e-08
1.3959658010309811e-08
1.150846032920206e-08
1.1602396440046829e-08
8.775091977939894e-09
9.394761992482443e-09
9.479183896673922e-09
8.008796088025067e-09
8.82530621255561e-09
7.350014864259577e-09
6.666243833276791e-09
7.127676637944365e-09
6.593316156568279e-09
6.685223507083841e-09
7.130335216915588e-09
6.151516628099624e-09
6.618668686393921e-09
6.679733517115764e-09
7.253253972894257e-09
7.446520732145249e-09
7.238309745118716e-09
8.119672310609834e-09
9.0412495193704e-09
9.23530844076201e-09
1.0313725801684642e-08
1.0961768890583864e-08
1.2268741238217792e-08
1.3008593849135598e-08
1.5115668943118798e-08
1.6783430120231778e-08
1.932052917325106e-08
2.3010112284232214e-08
2.835624931986938e-08
3.49931712929496e-08
4.828513546003671e-08
7.061439829282e-08
